R. nouom, INDEX OPERUM.

0199191-[111911111 1, 184.

ffimwhmmmwwmmm
QQWQMMMM

Clintock Me. 11, 116, 119.

091Ιί9191 E. 1, 994.

0111919111. 1, 18.

commines de Mamilly Α. 1, 197.

Cotton E. 1, 999.

Comum L. 11, 116, 117, 179, 119, 174.

Cox Η. 1, 191, 199. ’

Crawley E. S. 11, 179.

Cremona, 1, 137.

0111111, 11, 69.

0111911 Th. 1, 971911, 164.

0991111918. 11, 179.

DARBOUX G. Ι, 99, 181, 946.

091199 8. l, 999, 479, 4719 11, 169, 189.

Dedekind R. et Weber H. 1, 198.

De 8111199199 D. 1, 996, 997, 998, 998, 999, 949,
191·

Dehn M. 1, 941, 611.

Delboeus 1. 11, 9,118, 119, 19ο,149,166,199.

Del Re Α. 11, 181.

De Paolis R. 1, 168, 117.

1311191 Ε. T. 1, 285; 11, 199.

0991119111. 1, 699, 619.

Dogson L. 1, 146.

ῠ911111991. 11, 146.

Dressler Η. 1, 947.

Duchemin P. 1, 147, 148, 149.

0119191 8. 11, 99.

Dudeck J. C. 1, 9.

Duport H. 11, 199, 196.

Dupuis N. 8. 11, 111.

EFIMOV M. 1, 941.

8199181. 1, 418, 471, 999911, 197.
8199181. 9181891191 P. 11, 167.
81991 G. 11, 19.

8111991911, 199.

8111191199 F. 1, 948, 949, 4799 ΙΙ, 194, 176.
8191, 20.

8111111111 811, 44.
8991911911 G. l, 116.

811001 Α. 11, 177.

Fano G. 1, 999, 474.

811991 81119191 1, 971.
Fibbi C. 1, 979.

81911191 W. 1, 61, 86.

81998. Μ9119 1, 69, 74, 79.
89119ηὲ Μ. G. 1, 996, 419, 479911, 198.
89111Α. 11, 4, 9, 9.

8111111 W. 1, 199, 191.
8111111118 W. 1, 196.

81111111 G. 1, 169, 614.
8111111911 1, 191.

8191911111 8. C. 1, 76.
8111919111. 1, 87, 149911, 49.
819191 M. 1, 919.

GALDEANO (de) G. Z. 11, 168, 111, 199.
0111119111. 1, 171.

0111119910. 11, 169, 181.

Gnuss C. 8. 11, 46, 179, 199.
Genocchi Α. 1, 99, 199, 197, 198.
0999119911 Ε. 11, 74.

081111 L. 1, 997, 911.

09111111 Η. 1, 14.

Gilles J. 11, 69, 66, 67.

0111111998. 1, 911.

09111111 E. 1, 198,

Grassmann 11, 1, 7, 11, 19, 117, 179.
019111911 M. 1, 619, 616.

01119111. 1, 64.

0119111111 1, 499.

0111111918. 1, 141, 199; 11, 96, 47, 94.

HADAMARD 1. 1, 974, 499, 9669 11, 171,119.

Hmffisshmmwmmmw
MMMMMMMmmmfflM
147, 148189, 184149, 141, 196, 197,198,
178179.

Η111910. 1, 967.

1111111911, 49.

 

